241 37 26 26
298 37 27 26
357 37 27 26
416 37 27 26
476 37 26 26
535 37 27 26
595 37 26 27
654 37 27 27
714 38 27 27
774 38 27 27
834 38 27 28
894 38 28 28
954 39 28 27
1014 39 28 28
1075 39 27 28
1135 39 27 28
1195 39 27 28
1255 39 28 27
1315 38 28 28
1376 38 27 28
1435 39 27 27
1492 39 27 26
1549 39 26 25
1604 38 26 27
1660 38 27 27
1717 38 26 27
241 97 26 27
298 97 27 27
357 97 27 27
416 97 27 27
475 97 28 27
535 97 27 27
594 98 28 27
654 99 28 27
714 99 27 27
774 100 27 27
834 100 27 27
894 101 27 27
954 101 27 27
1014 101 27 27
1074 101 27 27
1134 101 27 27
1194 101 27 27
1254 101 28 27
1315 100 27 28
1375 100 27 27
1435 100 27 27
1494 100 27 27
1552 100 25 25
1606 100 25 25
1660 99 27 27
1717 99 26 27
241 158 26 27
298 158 27 27
357 158 27 27
416 158 27 27
475 158 27 27
535 158 27 28
595 160 27 26
654 160 28 27
714 161 27 27
774 161 27 27
834 162 27 27
894 162 27 27
954 162 27 28
1014 162 27 28
1073 163 28 27
1133 163 28 27
1193 162 28 28
1253 162 28 28
1314 162 27 27
1374 162 27 27
1435 161 27 27
1495 161 27 27
1554 161 27 26
1609 161 25 25
1662 161 25 26
1717 161 26 26
241 219 26 26
298 219 27 26
357 219 27 26
416 219 27 27
475 219 27 27
535 220 27 27
595 220 27 28
655 222 27 26
714 222 27 27
774 222 27 28
834 223 27 27
893 223 27 27
953 224 27 27
1013 224 27 27
1073 224 27 27
1133 224 27 27
1193 224 27 27
1253 224 27 27
1313 223 27 28
1373 223 28 27
1434 223 27 27
1494 222 27 27
1554 222 28 27
1612 222 26 26
1664 223 25 25
1717 222 26 26
241 279 26 26
298 279 27 26
357 279 27 26
416 279 27 27
476 280 27 27
535 281 27 27
595 281 27 28
655 282 27 27
714 283 27 27
774 284 27 26
833 284 27 27
893 284 27 27
953 284 27 27
1013 285 27 27
1072 285 27 27
1132 285 27 27
1192 285 27 27
1252 285 27 27
1312 284 27 28
1372 284 28 27
1432 284 28 27
1493 283 27 28
1553 283 27 27
1613 283 27 27
1667 284 23 24
1717 283 26 26
241 339 26 25
298 339 26 26
357 339 27 27
417 340 26 26
476 340 27 28
536 341 26 27
595 342 27 27
655 343 27 27
714 344 27 26
774 344 27 27
833 345 27 26
893 345 27 27
953 345 27 27
1012 345 27 27
1072 346 27 26
1132 346 26 26
1192 346 26 26
1251 346 27 26
1311 345 27 27
1371 345 28 27
1432 345 26 27
1492 344 27 27
1552 344 27 27
1612 343 28 28
1668 344 25 25
1719 344 25 25
241 398 26 26
298 398 26 27
357 399 27 27
417 400 26 27
476 401 27 27
536 402 26 27
595 402 27 27
655 403 27 27
714 404 27 27
774 405 27 26
833 405 27 27
893 405 27 27
952 406 27 26
1012 406 27 27
1071 406 27 27
1131 406 27 27
1190 406 28 27
1250 406 28 27
1311 406 26 27
1371 406 26 26
1431 405 26 27
1491 405 27 27
1551 405 27 27
1612 404 26 27
1670 404 26 26
1723 405 23 24
241 458 26 26
298 458 27 27
357 459 27 27
417 460 27 27
476 461 27 27
536 462 27 27
595 463 27 27
655 463 27 27
714 464 27 27
774 465 26 26
833 465 27 27
892 466 27 26
952 466 27 26
1011 466 27 27
1071 467 27 26
1130 467 27 26
1190 467 27 26
1250 467 27 26
1310 466 27 27
1370 466 26 27
1430 466 26 26
1490 466 27 26
1550 465 27 27
1610 465 27 27
1671 464 27 27
1726 465 24 24
240 518 27 26
299 519 26 26
358 519 27 27
417 520 27 27
477 521 27 27
536 522 27 27
596 523 26 26
655 523 27 27
714 524 27 27
774 525 26 26
833 525 27 27
892 526 27 26
951 526 27 26
1011 526 27 27
1070 527 27 26
1130 527 27 26
1189 527 27 26
1249 527 27 26
1309 527 27 26
1369 526 27 27
1429 526 27 26
1489 526 27 26
1549 526 27 26
1609 525 27 27
1670 525 26 26
1728 525 26 25
240 578 27 26
299 578 27 27
358 579 27 27
418 580 26 27
477 581 27 27
536 582 27 27
596 583 26 26
655 583 27 27
714 584 27 26
773 584 27 27
833 585 27 26
892 585 27 26
951 586 27 26
1010 586 27 27
1070 586 26 27
1130 586 26 27
1189 586 26 27
1249 586 26 27
1308 586 27 27
1368 586 27 27
1428 586 27 26
1488 586 27 26
1548 586 27 26
1608 585 27 27
1669 585 26 26
1728 584 27 27
241 637 26 26
300 638 26 26
359 639 27 27
418 640 26 26
477 641 26 26
536 641 27 27
596 642 26 26
655 642 27 27
714 643 27 26
774 644 26 26
833 644 26 27
892 644 27 27
951 645 27 26
1010 646 27 26
1069 646 27 26
1129 646 27 26
1188 646 27 26
1248 646 27 26
1308 646 26 26
1368 646 26 26
1427 646 27 26
1487 646 27 26
1547 645 27 27
1607 645 27 27
1667 645 27 26
1728 644 26 27
241 697 26 26
300 697 27 27
359 699 27 26
418 699 27 26
478 700 26 26
537 701 26 26
596 702 26 26
655 702 27 27
714 703 27 26
773 703 27 27
833 704 26 26
892 704 26 26
951 704 27 27
1010 705 26 26
1069 705 26 27
1129 705 26 27
1188 705 26 27
1248 705 26 27
1307 705 26 27
1367 705 26 27
1427 705 26 27
1487 705 26 27
1546 705 27 27
1606 704 27 27
1666 704 27 27
1726 704 27 27
242 756 26 26
301 757 26 26
360 758 26 26
418 758 27 27
478 759 26 26
537 760 26 26
596 761 26 26
655 761 26 27
714 762 27 26
773 762 27 27
833 763 26 26
892 763 26 27
951 764 26 26
1010 764 26 26
1069 764 26 27
1128 764 26 27
1188 764 26 27
1247 764 27 27
1306 765 27 26
1366 765 27 26
1426 764 26 27
1486 764 26 27
1546 764 26 27
1605 764 27 27
1665 764 27 26
1725 763 27 27
242 815 26 26
301 816 26 26
360 817 26 26
419 818 26 26
478 818 26 27
537 819 26 26
596 820 26 26
655 820 26 27
714 821 26 26
773 821 26 27
832 822 26 26
891 822 27 27
950 823 27 26
1009 823 27 27
1069 823 26 27
1128 823 26 27
1187 823 27 27
1246 824 27 27
1306 824 26 27
1366 824 26 27
1425 824 27 27
1485 824 26 26
1545 823 26 27
1605 823 26 27
1664 823 27 27
1724 823 27 26
243 874 26 26
302 875 26 26
361 876 26 26
419 876 26 27
478 877 26 26
537 878 26 26
596 879 26 26
655 879 26 26
714 880 26 26
773 880 26 27
832 881 26 26
891 881 26 27
950 882 26 26
1009 882 26 26
1069 882 26 27
1128 882 26 27
1187 883 26 26
1246 883 26 26
1306 883 26 27
1365 883 26 27
1425 883 26 27
1484 883 26 27
1544 883 26 26
1604 882 26 27
1664 882 26 27
1723 882 27 26
244 933 26 26
302 933 26 27
361 934 26 26
420 935 26 26
478 936 26 26
537 937 26 26
596 937 26 26
655 938 26 26
714 939 26 26
773 939 26 26
832 940 26 26
891 940 26 26
950 940 26 27
1009 941 26 26
1068 941 26 26
1128 941 26 27
1187 941 26 27
1246 942 26 26
1305 942 26 26
1365 942 26 26
1424 942 26 26
1484 942 26 26
1543 942 26 26
1603 941 26 27
1663 941 26 27
1722 941 27 27
244 991 26 26
302 992 27 26
361 993 26 26
420 994 26 26
479 995 26 26
537 995 26 26
596 996 26 26
655 997 26 26
714 997 26 26
773 998 26 26
832 998 26 27
891 999 26 26
950 999 26 26
1009 999 26 27
1068 1000 26 26
1127 1000 26 26
1186 1000 26 27
1245 1000 26 27
1305 1001 26 26
1364 1001 26 26
1424 1001 26 26
1483 1001 26 26
1543 1000 26 27
1602 1000 26 27
1662 1000 26 26
1722 1000 27 26
244 1049 26 25
303 1050 26 26
362 1051 26 26
420 1052 26 26
479 1053 26 26
538 1054 26 26
596 1054 26 27
655 1055 26 26
714 1056 26 26
773 1057 26 26
832 1057 26 26
891 1057 26 27
950 1058 26 26
1009 1058 26 26
1068 1058 26 27
1127 1059 26 26
1186 1059 26 26
1245 1059 26 27
1304 1059 26 27
1364 1059 26 27
1423 1059 26 27
1482 1059 27 27
1542 1059 26 26
1601 1059 26 26
1661 1059 26 26
1721 1058 27 27
245 1105 25 26
303 1108 27 26
362 1109 26 27
421 1111 25 25
479 1111 26 27
538 1112 26 26
597 1113 26 26
655 1113 26 27
714 1114 26 27
773 1115 26 26
832 1115 26 27
891 1116 26 26
949 1116 27 26
1008 1117 27 26
1068 1117 26 26
1127 1117 26 26
1186 1118 26 26
1245 1118 26 26
1304 1118 26 26
1363 1118 26 26
1422 1118 27 26
1481 1118 27 26
1541 1118 26 26
1600 1117 26 27
1660 1117 26 27
1721 1117 27 27
245 1162 26 26
305 1165 26 26
364 1167 25 26
421 1169 26 25
479 1169 26 27
538 1170 26 26
597 1171 26 26
655 1171 26 27
714 1172 26 27
773 1173 26 26
832 1173 26 27
890 1174 27 26
949 1174 27 27
1008 1175 26 26
1067 1175 26 26
1126 1176 26 26
1185 1176 26 26
1244 1176 27 26
1303 1176 27 26
1363 1176 26 26
1422 1176 26 26
1481 1176 26 26
1540 1176 26 26
1600 1176 26 26
1660 1176 26 26
1721 1175 27 28
246 1217 25 26
306 1220 26 26
365 1224 25 25
422 1226 26 26
480 1227 26 26
538 1228 26 26
597 1228 26 27
655 1229 26 27
714 1230 26 26
773 1231 26 26
832 1231 26 27
890 1232 27 26
949 1232 26 27
1008 1233 26 26
1067 1233 26 26
1126 1234 26 26
1185 1234 26 26
1244 1234 26 26
1303 1234 26 26
1362 1234 26 26
1421 1234 26 26
1480 1234 26 26
1540 1234 26 26
1600 1234 26 26
1660 1234 26 26
1721 1233 27 28
245 1273 27 26
306 1274 25 25
364 1278 25 25
423 1282 25 25
481 1284 25 26
539 1285 26 27
597 1286 26 27
656 1287 26 26
714 1288 26 26
773 1288 26 27
832 1289 26 26
890 1290 26 26
949 1290 26 26
1008 1291 26 26
1067 1291 26 26
1126 1291 26 26
1185 1292 26 26
1243 1292 27 26
1302 1292 27 26
1361 1292 27 26
1420 1292 27 26
1480 1292 26 26
1540 1292 26 26
1600 1292 26 26
1660 1292 26 26
1721 1291 27 28
245 1329 27 26
305 1329 26 26
364 1331 25 25
424 1335 24 25
483 1340 24 24
540 1343 26 25
598 1344 26 26
656 1345 26 26
715 1345 26 26
773 1346 26 26
832 1347 26 26
890 1347 26 26
949 1348 26 26
1008 1348 26 26
1067 1349 25 25
1125 1349 27 26
1184 1349 26 26
1243 1350 26 25
1302 1350 26 25
1361 1350 26 25
1420 1349 26 27
1480 1349 26 27
1540 1349 26 27
1600 1349 26 27
1660 1349 26 27
1721 1349 27 27
245 1385 27 26
305 1385 26 26
364 1385 26 26
424 1387 25 25
484 1390 24 24
543 1394 22 21
600 1396 22 23
657 1400 25 25
715 1402 26 26
773 1403 26 26
832 1404 26 26
890 1405 26 25
949 1405 26 26
1008 1406 26 25
1066 1406 27 26
1125 1406 26 26
1184 1407 26 25
1243 1407 25 25
1301 1407 26 25
1360 1406 26 27
1420 1406 26 27
1480 1406 26 27
1540 1406 26 27
1600 1406 26 27
1660 1406 26 27
1721 1406 27 27
