335 85 12 12
454 85 11 12
573 85 12 12
692 85 12 12
812 85 12 13
931 86 13 13
1051 87 12 12
1171 86 12 13
1291 86 12 13
1411 86 12 12
1530 86 12 12
1648 86 12 12
335 204 12 12
454 204 12 13
573 206 12 12
692 207 12 12
811 207 12 13
930 208 13 13
1050 209 12 12
1170 209 12 12
1290 209 12 12
1410 208 12 12
1530 208 12 12
1649 207 11 12
335 324 12 12
454 325 12 12
573 327 12 12
692 328 12 12
811 329 12 12
930 330 12 12
1049 330 12 12
1169 331 11 11
1288 330 12 12
1408 329 12 13
1528 329 13 12
1648 329 12 12
336 444 12 12
454 445 12 12
573 447 12 12
692 448 12 12
811 449 11 12
930 450 11 12
1049 450 11 12
1168 451 11 12
1287 451 12 11
1407 450 12 12
1527 450 12 12
1647 449 12 13
336 563 12 12
455 565 11 12
573 566 12 12
692 568 12 11
810 569 12 11
929 569 12 12
1048 570 11 12
1167 570 11 12
1286 570 12 12
1405 570 12 12
1525 570 12 12
1646 570 11 11
337 682 11 12
455 684 11 12
573 685 12 12
692 686 12 12
810 687 12 12
928 688 12 12
1047 689 11 12
1166 689 11 12
1285 690 11 11
1404 690 12 11
1524 690 11 11
1644 689 11 12
337 801 12 12
455 802 11 12
573 804 12 11
691 805 12 11
810 806 12 11
928 807 12 11
1046 807 12 12
1165 808 11 11
1284 808 11 12
1403 808 12 12
1522 808 12 12
1642 808 12 12
337 919 12 12
455 920 12 12
573 922 12 11
691 923 12 11
809 924 12 11
927 925 12 11
1045 925 12 12
1164 926 12 11
1283 926 11 12
1402 926 12 12
1521 926 12 12
1640 926 12 12
338 1036 12 12
455 1038 12 11
573 1039 12 12
691 1040 12 12
809 1041 12 12
927 1042 12 12
1045 1043 12 12
1163 1043 12 12
1282 1044 12 12
1401 1044 11 12
1520 1044 12 12
1639 1044 12 12
339 1153 11 12
456 1155 12 11
573 1156 12 12
691 1157 12 12
809 1158 11 12
927 1159 11 12
1045 1160 11 12
1163 1161 12 12
1281 1161 12 12
1400 1162 12 11
1519 1162 11 11
1639 1162 11 11
339 1271 12 12
456 1271 12 12
574 1272 12 12
691 1274 12 11
809 1275 11 12
927 1276 11 12
1044 1277 12 12
1162 1278 12 11
1281 1278 11 12
1399 1278 12 12
1518 1278 11 12
1638 1278 12 12
339 1389 12 12
456 1388 12 12
574 1388 12 12
691 1389 12 12
809 1391 11 12
926 1392 12 12
1044 1393 12 12
1162 1393 11 12
1280 1394 12 11
1398 1394 12 11
1517 1394 12 11
1638 1394 12 11
